50 1.008576
0.000000 0.051549
0.028984 0.048790
0.049393 0.046620
0.069801 0.043884
0.090209 0.041908
0.110617 0.039944
0.131025 0.038580
0.151433 0.036918
0.171842 0.034929
0.192250 0.033415
0.212658 0.031643
0.233066 0.030330
0.253474 0.027740
0.273882 0.026451
0.294291 0.025466
0.314699 0.024026
0.335107 0.022807
0.355515 0.020750
0.375923 0.019324
0.396331 0.018493
0.416740 0.017293
0.437148 0.016432
0.457556 0.014817
0.477964 0.013880
0.498372 0.012672
0.518780 0.010883
0.539189 0.008757
0.559597 0.007022
0.580005 0.005751
0.600413 0.003767
0.620821 0.003100
0.641229 0.003279
0.661638 0.003281
0.682046 0.003189
0.702454 0.003736
0.722862 0.004530
0.743270 0.005758
0.763678 0.006935
0.784087 0.008549
0.804495 0.010147
0.824903 0.011867
0.845311 0.013369
0.865719 0.014914
0.886127 0.016364
0.906535 0.018292
0.926944 0.019957
0.947352 0.021597
0.967760 0.023420
0.988168 0.031130
1.008576 0.038028
