30
0.865719000000000
0.192250000000000
0.131025000000000
0.273882000000000
0.886127000000000
0.763678000000000
0.335107000000000
0.396331000000000
0.926944000000000
0.477964000000000
0.273882000000000
0.069801000000000
0.110617000000000
0.171842000000000
0.437148000000000
0.090209000000000
0.069801000000000
0.273882000000000
0.967760000000000
0.926944000000000
0.233066000000000
0.049393000000000
0.824903000000000
0.069801000000000
0.457556000000000
0.110617000000000
0.865719000000000
0.620821000000000
0.926944000000000
0.028984000000000
