50 11.897959
5.000000 549.000000
16.897959 519.608093
28.795918 496.504730
40.693878 467.365448
52.591835 446.314911
64.489792 425.404327
76.387756 410.879211
88.285713 393.173126
100.183670 371.991669
112.081627 355.866638
123.979584 337.001221
135.877548 323.018433
147.775513 295.433105
159.673462 281.700592
171.571426 271.213348
183.469376 255.877121
195.367340 242.888763
207.265305 220.988174
219.163254 205.799805
231.061218 196.946320
242.959167 184.168808
254.857132 174.998917
266.755096 157.804367
278.653046 147.824402
290.551025 134.954620
302.448975 115.904587
314.346924 93.261589
326.244873 74.780350
338.142853 61.253124
350.040802 40.121292
361.938751 33.009693
373.836731 34.926094
385.734680 34.942207
397.632629 33.965961
409.530609 39.789959
421.428558 48.246838
433.326508 61.321968
445.224487 73.862762
457.122437 91.045944
469.020386 108.068016
480.918335 126.382622
492.816315 142.375122
504.714264 158.828918
516.612244 174.278458
528.510193 194.810410
540.408142 212.537354
552.306091 230.010880
564.204041 249.422180
576.102051 331.535248
588.000000 404.999969
