50 1.003413
0.000000 0.022141
0.023821 0.022796
0.044229 0.022819
0.064637 0.022171
0.085046 0.022144
0.105454 0.021872
0.125862 0.021217
0.146270 0.021981
0.166678 0.022012
0.187086 0.021972
0.207495 0.021972
0.227903 0.021972
0.248311 0.021767
0.268719 0.021429
0.289127 0.021164
0.309535 0.021520
0.329944 0.022282
0.350352 0.022966
0.370760 0.022886
0.391168 0.022753
0.411576 0.021650
0.431984 0.020288
0.452393 0.018947
0.472801 0.018439
0.493209 0.018735
0.513617 0.019130
0.534025 0.019248
0.554433 0.018978
0.574842 0.018950
0.595250 0.019053
0.615658 0.019427
0.636066 0.019760
0.656474 0.019482
0.676882 0.019152
0.697291 0.019065
0.717699 0.019677
0.738107 0.020455
0.758515 0.020665
0.778923 0.019392
0.799331 0.019021
0.819739 0.019447
0.840148 0.018603
0.860556 0.017727
0.880964 0.016984
0.901372 0.017727
0.921780 0.018215
0.942188 0.018224
0.962597 0.018905
0.983005 0.019531
1.003413 0.021908
