50 11.959184
2.000000 131.000000
13.959184 134.875641
25.918367 135.013824
37.877552 131.181046
49.836735 131.018311
61.795918 129.410034
73.755104 125.531677
85.714287 130.056030
97.673470 130.235229
109.632652 130.000000
121.591835 130.000000
133.551025 130.000000
145.510208 128.785248
157.469391 126.790283
169.428574 125.219910
181.387756 127.326462
193.346939 131.835800
205.306122 135.883789
217.265305 135.411545
229.224487 134.621536
241.183670 128.096054
253.142853 120.039581
265.102051 112.104408
277.061218 109.099548
289.020416 110.847404
300.979584 113.188477
312.938782 113.885658
324.897949 112.284683
336.857147 112.120079
348.816315 112.730164
360.775513 114.943497
372.734680 116.912628
384.693878 115.270439
396.653076 113.316376
408.612244 112.799194
420.571442 116.421806
432.530609 121.025978
444.489807 122.270660
456.448975 114.737633
468.408173 112.541847
480.367340 115.062553
492.326538 110.070320
504.285706 104.881943
516.244873 100.487694
528.204102 104.883125
540.163269 107.771400
552.122437 107.824455
564.081604 111.852989
576.040833 115.556702
588.000000 129.622681
